   1       0 ram0 0 0 0 0 0 0 0 0 0 0 0
   1       1 ram1 0 0 0 0 0 0 0 0 0 0 0
   1       2 ram2 0 0 0 0 0 0 0 0 0 0 0
   1       3 ram3 0 0 0 0 0 0 0 0 0 0 0
   1       4 ram4 0 0 0 0 0 0 0 0 0 0 0
   1       5 ram5 0 0 0 0 0 0 0 0 0 0 0
   1       6 ram6 0 0 0 0 0 0 0 0 0 0 0
   1       7 ram7 0 0 0 0 0 0 0 0 0 0 0
   1       8 ram8 0 0 0 0 0 0 0 0 0 0 0
   1       9 ram9 0 0 0 0 0 0 0 0 0 0 0
   1      10 ram10 0 0 0 0 0 0 0 0 0 0 0
   1      11 ram11 0 0 0 0 0 0 0 0 0 0 0
   1      12 ram12 0 0 0 0 0 0 0 0 0 0 0
   1      13 ram13 0 0 0 0 0 0 0 0 0 0 0
   1      14 ram14 0 0 0 0 0 0 0 0 0 0 0
   1      15 ram15 0 0 0 0 0 0 0 0 0 0 0
   7       0 loop0 0 0 0 0 0 0 0 0 0 0 0
   7       1 loop1 0 0 0 0 0 0 0 0 0 0 0
   7       2 loop2 0 0 0 0 0 0 0 0 0 0 0
   7       3 loop3 0 0 0 0 0 0 0 0 0 0 0
   7       4 loop4 0 0 0 0 0 0 0 0 0 0 0
   7       5 loop5 0 0 0 0 0 0 0 0 0 0 0
   7       6 loop6 0 0 0 0 0 0 0 0 0 0 0
   7       7 loop7 0 0 0 0 0 0 0 0 0 0 0
  11       0 sr0 0 0 0 0 0 0 0 0 0 0 0
   2       0 fd0 0 0 0 0 0 0 0 0 0 0 0
   8       0 sda 207140 2653 6167714 1996264 4571486 5415142 130222008 13819500 0 5167096 15821808
   8       1 sda1 16891 347 382806 203848 1074989 945938 23678912 1527580 0 1226556 1729880
   8       2 sda2 2 0 4 0 0 0 0 0 0 0 0
   8       5 sda5 258 607 2262 132 464 13 3816 744 0 416 876
   8       6 sda6 189960 1699 5782410 1792272 3496033 4469191 106539280 12291176 0 4072004 14089616
 252       0 dm-0 641 0 5122 2864 1167689 0 9350024 6837724 0 319796 6840672
 252       1 dm-1 56315 0 1300530 559952 22030 0 176248 263816 0 402096 823764
 252       2 dm-2 36071 0 3072290 530344 1827738 0 21221872 5329648 0 868912 5860104
 252       3 dm-3 775 0 31882 8904 228857 0 11336416 498780 0 189908 507696
 252       4 dm-4 97843 0 1372338 719316 4729226 0 64454720 39717192 0 2398680 40436856


